Best cost: 171
Best path: 1 4 9 6 5 8 3 2 7 
T_init: 0.000009
T_comp: 0.000535
T_total: 0.000544
