Best cost: 105
Best path: 1 4 2 3 
T_init: 0.000007
T_comp: 0.000069
T_total: 0.000076
