Best cost: 124
Best path: 1 4 6 5 2 3 
T_init: 0.000010
T_comp: 0.000025
T_total: 0.000035
