Best cost: 155
Best path: 1 4 6 5 8 3 2 7 
T_init: 0.000010
T_comp: 0.000200
T_total: 0.000210
