Best cost: 124
Best path: 1 4 6 5 2 3 
T_init: 0.000018
T_comp: 0.000465
T_total: 0.000483
