Best cost: 115
Best path: 1 4 5 2 3 
T_init: 0.000016
T_comp: 0.000217
T_total: 0.000233
