Best cost: 124
Best path: 1 4 6 5 2 3 
T_init: 0.000015
T_comp: 0.000625
T_total: 0.000640
