Best cost: 115
Best path: 1 4 5 2 3 
T_init: 0.000006
T_comp: 0.000015
T_total: 0.000021
